11.7188 -2.97266 -0.0698242 4.85156 1.93652 1.45215 0.468262 0.712891 0
30.8906 -2.77344 0.0654297 11.375 2.94141 3.9082 0.466797 0.615234 0
32.5312 6.47656 0.0478516 4.94922 1.97949 1.48633 0.456055 0.603516 0
16.5 6.67578 -0.0429688 12.5234 2.95117 3.91211 0.467529 0.583984 0
32.6875 -16.3125 -0.0336914 4.82031 1.92969 1.44629 0.301758 0.547363 0
26.2969 6.52344 -0.000488281 4.92578 1.96777 1.47754 0.463623 0.508301 0
22.0938 -6.29688 -0.0263672 11.9688 2.95898 3.92773 0.465576 0.493408 0
30.8906 -6.52344 0.0537109 12.0156 2.97461 3.92383 0.46875 0.329102 0
49.0938 14.6719 0.0957031 5.16406 2.05859 1.54004 -2.35742 0.310791 0
19.3125 -13.7188 -0.0507812 1.92676 0.47876 1.47266 0.777344 0.110657 2
30.5 -19.3125 -0.0722656 0.485107 0.483154 1.74219 0.783691 0.0812378 1
